Data/Bathymetry.asc
ncols        261
nrows        53
xllcorner    30.541600000000
yllcorner    -15.955700000000
dx           0.008322988506
dy           0.008300000000
NODATA_value -32768
[rows 0 to 41 of 53, columns 0 to 93 of 261]
468 453 462 421 386 397 454 501 479 497 530 510 466 512 526 531 597 541 517 491 470 502 470 470 462 430 398 391 401 410 428 450 468 468 449 448 465 480 560 588 519 497 484 477 476 521 507 506 496 477 479 488 496 503 509 518 516 504 497 487 480 473 471 468 468 459 453 449 454 449 451 439 448 451 451 475 501 503 504 504 492 517 537 546 562 591 574 558 554 559 555 484 578 657
542 541 488 404 381 387 425 428 424 438 463 449 439 452 451 504 555 433 412 409 411 418 419 428 405 391 376 361 382 395 407 422 425 435 433 431 433 435 430 444 461 440 442 451 451 462 475 477 474 478 484 496 507 516 520 523 525 513 504 493 483 474 462 454 448 446 441 439 445 427 426 448 451 446 439 446 460 477 478 502 491 552 545 560 581 576 574 585 565 551 643 483 491 586
478 556 482 386 380 375 407 400 400 401 403 403 405 406 407 407 408 385 388 393 394 393 391 388 394 378 360 346 373 387 400 411 415 418 419 415 412 415 417 412 417 416 426 432 473 508 535 506 491 498 509 522 533 539 539 541 537 531 516 503 491 483 472 463 450 443 437 426 417 420 437 447 447 455 434 431 432 435 442 449 470 523 511 516 545 569 612 784 692 546 581 495 444 498
555 660 462 379 375 370 390 387 387 386 392 387 388 388 381 377 370 368 376 380 380 382 378 383 390 377 353 364 384 391 402 400 400 406 417 402 399 406 407 407 402 418 433 440 461 541 572 551 524 550 533 535 550 562 564 570 569 557 533 512 505 493 482 472 460 451 441 429 417 404 415 419 434 429 427 424 420 420 425 431 450 473 482 508 545 565 657 872 649 522 572 608 452 484
447 544 415 376 370 366 375 380 379 375 376 375 375 374 369 363 359 361 364 369 367 369 369 379 374 366 343 371 378 379 384 385 397 505 566 399 393 393 393 394 407 433 448 461 471 530 574 604 558 555 573 563 571 582 585 595 587 577 557 534 521 502 489 479 466 457 446 436 424 409 396 400 421 413 406 417 423 411 412 420 425 443 452 497 583 575 556 551 508 485 514 505 422 468
402 447 419 375 369 363 363 371 372 367 372 364 366 362 358 353 352 352 353 358 357 360 366 365 356 342 337 358 366 373 375 381 400 466 407 378 406 394 396 412 439 448 469 493 520 524 552 587 593 583 564 581 590 603 605 610 605 592 587 562 537 519 496 482 473 463 451 438 434 417 402 395 411 409 398 396 399 402 406 406 408 415 424 442 493 551 558 556 584 529 433 413 413 469
411 394 390 390 362 358 355 357 356 361 359 356 356 351 346 344 344 344 344 347 347 352 360 349 345 335 338 355 371 369 370 380 377 370 365 367 387 396 416 445 458 475 504 541 583 608 589 608 630 622 613 595 608 625 630 629 624 610 604 569 551 530 504 485 472 459 446 434 424 413 400 386 393 403 394 388 391 393 396 394 393 401 408 409 409 416 517 599 715 579 434 399 408 442
399 390 380 380 363 352 350 349 353 354 358 349 344 341 336 335 334 334 334 339 341 345 347 340 335 334 348 361 369 365 360 381 370 357 354 369 410 466 454 480 485 472 501 584 606 632 595 619 638 679 687 630 624 634 626 624 647 616 595 586 565 542 515 492 477 464 452 441 427 413 401 392 380 387 393 385 384 385 387 387 383 386 388 391 380 378 388 435 559 601 496 436 383 369
390 380 374 367 364 362 348 346 347 345 340 338 335 329 326 324 323 323 323 325 330 337 334 330 329 345 360 361 366 361 354 372 369 354 348 367 423 468 491 502 508 506 504 511 572 552 542 566 591 638 662 639 647 636 629 608 606 594 587 588 587 555 527 508 495 476 459 439 425 415 402 392 377 378 382 381 376 377 376 382 375 377 383 379 370 366 367 391 420 490 568 490 463 402
398 386 372 363 360 360 346 341 338 334 331 324 318 317 317 317 317 317 317 317 319 324 319 324 343 350 354 354 360 357 349 361 368 350 346 361 402 432 480 497 527 480 487 489 475 510 505 544 591 610 613 629 655 606 602 607 585 572 565 562 565 551 538 522 502 483 473 451 432 414 405 394 384 373 375 382 372 372 370 375 368 370 373 369 369 357 354 361 367 413 445 368 353 342
390 392 381 355 351 348 340 334 331 330 326 322 319 317 319 318 317 317 318 317 317 318 317 325 338 346 346 350 352 356 348 337 336 342 347 353 361 375 404 447 499 469 470 479 465 472 479 551 581 623 574 560 562 563 582 587 584 569 547 539 544 554 545 528 508 489 474 455 441 427 414 401 389 380 376 367 367 365 366 365 362 365 370 373 397 367 352 351 372 377 367 356 344 325
369 375 365 348 342 335 327 324 323 324 322 320 321 321 318 317 317 317 317 317 317 318 317 317 324 333 339 340 351 360 343 331 331 338 339 339 345 351 361 374 393 429 437 439 442 442 455 501 534 515 515 527 531 549 570 571 573 559 545 522 526 542 545 532 511 495 479 461 449 441 423 403 388 379 371 364 360 359 360 357 365 366 375 382 398 372 356 354 360 377 364 350 341 322
357 363 352 338 328 325 324 324 323 323 322 322 323 323 322 318 320 317 317 317 317 317 317 317 317 318 328 326 341 336 337 323 327 332 324 323 331 333 342 351 356 366 379 391 395 413 443 465 490 500 493 505 514 535 570 556 561 569 537 512 513 530 533 531 525 511 491 476 464 453 430 411 394 379 367 361 353 354 353 355 366 371 364 360 367 374 357 346 343 364 360 340 332 317
345 343 332 325 324 324 323 324 324 323 322 322 321 320 318 321 323 324 325 317 317 317 317 317 317 317 317 318 322 319 319 318 318 322 318 317 317 323 330 331 341 349 359 371 374 400 455 445 474 522 486 482 522 553 551 542 555 530 527 507 498 520 520 519 519 506 498 486 477 454 434 416 400 380 364 357 347 349 346 354 360 365 361 357 352 349 358 344 341 337 350 354 340 319
328 327 326 325 326 324 324 324 323 322 322 322 322 322 323 323 327 335 328 324 324 320 317 317 317 317 317 317 317 317 317 317 317 317 317 317 319 320 320 322 330 337 348 353 357 414 488 477 464 483 470 455 479 518 531 540 541 517 506 490 489 512 501 497 499 491 478 471 472 456 433 417 409 392 360 350 340 345 342 346 353 354 354 353 345 345 338 340 351 334 325 332 346 341
325 325 326 325 324 323 324 328 331 331 326 326 325 324 324 326 337 346 340 334 334 325 319 317 317 317 317 318 317 318 317 317 317 317 317 317 317 318 317 317 320 329 331 334 341 425 454 488 432 419 423 424 467 493 494 538 527 507 483 482 461 489 478 476 487 469 456 452 446 432 420 405 392 382 356 344 337 338 337 336 340 343 346 343 340 338 333 328 351 344 331 324 325 329
325 324 324 325 326 332 339 344 354 355 337 331 329 327 325 324 327 333 337 344 334 340 332 323 326 319 317 322 335 329 317 317 317 317 317 317 317 316 317 317 317 318 318 320 321 368 382 412 370 355 368 383 420 464 457 463 477 487 455 458 440 460 453 441 464 477 445 447 422 410 403 392 378 366 355 351 337 333 330 332 331 331 335 337 331 327 329 322 325 352 345 325 319 317
335 333 335 342 344 347 348 341 354 357 341 336 334 331 326 325 325 325 333 337 339 337 329 325 320 317 317 326 333 344 352 331 319 317 317 317 317 316 317 317 317 317 317 317 317 317 322 319 326 328 330 331 343 383 398 411 418 423 412 407 404 406 409 407 418 428 415 403 398 391 381 369 364 356 348 353 355 332 335 322 323 324 331 329 322 319 319 319 317 323 342 329 323 320
349 348 352 353 356 360 355 346 346 343 341 339 337 331 326 326 326 330 336 342 338 334 329 326 323 321 320 328 336 353 368 381 384 336 321 319 317 317 317 317 317 317 317 323 317 317 317 317 317 317 316 317 319 337 351 354 356 367 373 377 380 375 379 381 379 379 387 385 378 376 368 359 353 345 339 343 349 330 333 336 319 322 335 326 318 317 317 317 317 317 323 326 322 317
357 355 361 362 368 363 355 350 348 344 341 341 337 328 327 327 327 333 338 340 335 335 335 332 328 326 326 330 337 344 356 371 377 373 335 319 331 323 317 317 317 316 317 329 321 317 317 317 317 317 317 317 317 319 324 328 327 337 345 356 357 356 359 359 357 361 367 368 363 359 356 351 345 339 331 327 323 331 327 340 324 319 354 352 322 317 317 317 317 317 317 317 317 343
365 364 367 371 367 359 356 355 351 348 341 338 332 328 327 328 333 335 335 337 338 338 338 336 335 333 333 338 340 349 358 358 353 341 331 342 359 339 324 319 318 317 325 343 353 326 320 319 323 329 317 317 317 317 317 317 317 317 322 333 335 338 344 342 344 346 350 351 349 346 340 338 335 329 323 319 317 317 317 329 339 318 317 342 346 337 330 317 317 317 317 317 317 338
364 373 377 379 370 367 360 354 348 351 344 335 331 329 329 335 338 337 338 341 342 342 342 338 338 338 336 341 340 343 349 347 343 336 332 336 365 362 346 327 324 328 336 357 350 342 349 387 381 354 317 317 317 317 317 317 317 317 317 317 317 319 328 325 324 328 328 328 329 332 326 325 324 320 317 317 317 317 317 317 324 327 320 317 329 343 324 317 317 317 317 317 318 317
357 374 390 392 375 371 370 357 349 343 340 335 330 330 333 340 343 341 341 342 344 346 346 343 343 343 342 345 347 347 344 342 339 335 340 337 346 355 365 362 341 338 339 359 380 406 399 394 379 355 331 317 317 317 317 317 317 317 317 317 317 317 317 317 319 320 320 322 322 322 320 320 318 317 317 317 317 317 317 317 317 317 320 317 317 317 317 317 317 317 317 317 317 325
356 363 375 378 371 366 377 366 351 342 335 330 332 332 336 339 345 346 344 345 347 349 350 349 348 348 348 348 353 355 352 349 345 340 340 341 343 353 355 347 330 338 342 365 376 382 367 365 355 346 327 321 320 317 317 317 317 317 317 317 317 317 317 317 317 317 317 317 317 318 317 317 317 317 317 317 317 317 317 317 317 317 317 317 317 317 332 334 324 317 317 317 317 317
357 363 368 366 366 364 369 368 353 343 332 333 332 333 340 341 345 349 346 348 353 355 354 355 353 354 350 350 358 359 352 348 344 342 345 345 344 348 344 341 329 349 353 356 374 371 365 353 348 335 337 330 320 317 318 320 317 317 317 317 317 317 317 317 317 317 317 317 317 317 317 317 317 317 317 317 317 317 317 319 317 317 317 317 326 326 320 365 343 326 317 317 317 317
363 370 374 366 366 360 356 356 349 341 332 332 333 337 344 346 347 349 350 352 357 361 359 360 357 359 360 354 358 361 355 352 349 347 348 348 346 344 339 337 335 346 354 364 376 369 357 351 349 341 343 331 318 322 327 324 319 317 317 317 317 317 317 317 317 317 317 317 317 317 317 317 317 317 317 317 317 317 317 347 325 317 317 317 327 362 332 333 358 388 338 318 317 317
366 363 364 357 359 361 356 349 346 340 332 335 336 343 350 352 351 351 354 359 363 366 366 365 362 364 364 359 359 360 356 356 356 355 352 347 345 342 339 339 338 346 353 357 366 370 367 361 357 351 339 335 321 324 339 342 333 324 319 317 317 317 317 317 317 317 317 317 317 317 317 317 317 317 317 317 317 329 331 328 331 317 317 317 317 343 370 343 346 398 384 331 317 317
361 356 353 350 353 354 355 350 348 340 333 337 341 344 351 356 359 360 360 364 369 372 374 372 370 371 373 364 364 365 362 363 362 360 350 351 351 346 345 342 342 342 350 359 357 352 354 356 352 349 340 330 324 327 334 338 330 326 320 317 317 317 317 317 329 342 338 339 342 321 318 317 317 317 317 317 346 335 334 328 317 317 317 317 317 317 318 329 339 364 387 363 321 316
365 360 352 349 345 344 341 334 336 333 338 345 346 348 351 358 362 367 368 371 374 381 380 380 380 380 381 377 372 372 369 369 366 356 352 351 352 350 347 348 346 346 345 352 354 347 343 338 336 339 332 326 335 336 334 331 325 320 317 317 317 317 317 317 317 328 376 442 463 432 433 426 419 384 341 349 390 356 329 316 317 317 317 317 317 317 317 319 330 339 359 372 339 317
377 365 355 348 346 343 340 334 339 341 344 343 347 349 353 359 368 377 382 382 381 387 394 395 392 391 388 385 382 381 378 376 368 355 355 355 356 354 348 352 348 347 352 356 351 345 340 335 332 330 326 337 340 337 335 330 325 324 322 317 328 319 317 317 317 317 321 347 385 398 418 427 416 380 338 350 352 344 330 317 317 317 317 317 317 317 317 317 323 337 346 346 337 321
374 366 357 349 343 341 339 332 340 345 348 346 348 352 358 369 377 385 389 395 393 395 399 406 404 403 400 392 388 389 386 385 374 368 365 360 357 354 350 354 351 352 354 356 353 349 345 340 337 333 326 337 341 342 336 330 331 328 324 320 337 325 317 317 317 317 318 326 332 332 333 346 338 333 326 336 328 326 332 318 317 317 317 317 317 317 317 320 327 336 339 340 334 326
360 359 350 344 340 337 339 334 344 351 354 348 349 353 358 364 375 390 397 403 411 415 413 414 415 413 409 402 402 396 393 393 387 382 376 371 360 357 357 360 360 362 363 363 359 356 351 348 343 339 331 339 345 351 345 340 337 335 334 328 329 327 324 323 323 323 323 323 324 324 322 320 318 320 321 326 324 321 323 317 317 317 317 317 317 319 322 324 329 339 343 341 340 335
352 348 345 343 342 339 338 332 340 349 358 355 356 363 369 375 380 379 398 420 428 434 422 415 418 412 408 414 419 410 404 401 396 391 384 376 372 372 366 366 366 369 371 369 365 361 356 351 347 337 338 340 346 349 345 344 344 346 346 342 336 333 329 330 331 331 330 327 324 320 318 317 317 316 316 317 317 317 317 317 317 317 317 317 324 332 332 332 337 336 339 344 343 339
352 349 347 346 352 350 340 334 337 342 351 351 356 363 369 376 381 384 401 410 417 427 420 418 417 412 418 441 429 422 418 413 406 395 391 387 385 377 372 374 371 375 384 379 373 365 358 351 345 342 346 345 346 349 350 350 348 350 350 347 344 342 336 335 339 339 337 335 326 322 319 317 317 317 317 317 317 317 317 317 317 317 317 317 319 326 333 336 339 343 344 346 344 344
355 353 353 350 349 346 342 336 337 347 357 351 354 363 373 383 385 387 399 415 420 430 440 435 426 419 415 426 441 444 440 425 410 400 394 389 382 379 375 376 379 381 396 396 379 372 362 350 344 349 355 355 352 352 353 359 360 361 366 361 349 350 342 340 348 347 346 342 335 326 321 317 317 317 317 317 317 317 317 317 317 317 317 316 317 320 323 330 336 343 346 351 352 350
360 356 350 347 344 348 352 339 341 354 358 359 355 355 364 373 372 378 385 396 418 430 435 447 439 426 424 436 450 439 435 422 409 401 395 391 385 382 380 381 379 381 383 381 373 367 364 352 345 354 369 376 361 357 363 370 379 392 393 392 377 359 355 357 360 363 364 362 353 338 325 317 317 317 317 317 317 317 317 318 317 317 317 318 321 322 329 332 334 338 344 350 355 358
359 351 348 345 340 344 339 339 349 363 364 367 364 356 355 361 366 373 381 393 407 416 432 449 453 444 444 448 444 435 427 420 411 403 399 395 389 387 380 378 373 372 371 372 369 360 355 348 349 357 366 368 364 368 374 385 415 426 428 427 411 384 373 373 380 389 377 365 355 338 328 318 317 317 317 317 317 317 318 323 320 322 318 317 326 328 330 335 337 338 342 348 351 356
354 351 350 345 343 339 338 344 353 367 367 365 364 362 364 362 363 367 377 390 396 399 421 431 442 445 446 442 440 436 430 427 415 404 399 394 389 386 382 375 372 368 366 362 361 356 351 353 352 355 361 365 373 381 386 405 451 441 426 418 404 390 386 387 388 378 366 354 344 336 327 318 317 317 317 317 316 317 318 325 325 327 320 317 322 333 335 336 339 341 342 347 354 360
357 355 353 346 342 339 342 350 357 363 372 372 367 367 372 370 367 369 370 377 384 392 403 415 429 444 444 446 447 438 431 424 417 414 406 396 391 386 383 378 374 368 366 361 355 358 358 360 356 360 363 366 372 381 393 415 438 445 429 417 410 393 382 377 373 367 360 349 340 335 327 320 317 317 317 317 317 318 322 328 332 332 327 323 323 332 338 340 341 344 345 348 352 359
361 359 353 346 341 343 349 362 373 380 379 375 373 371 376 372 373 372 376 375 378 386 392 398 408 429 441 451 458 452 444 435 430 426 414 402 391 389 387 382 375 368 361 359 360 363 365 364 362 365 367 369 371 377 387 402 419 441 437 421 412 403 389 380 372 366 355 348 342 336 330 320 317 317 317 317 321 324 326 331 335 337 336 333 327 328 336 341 343 345 348 349 350 355
367 359 354 351 343 349 369 377 382 395 401 383 380 378 381 376 379 378 378 384 379 381 388 395 405 415 421 429 440 450 442 442 436 423 413 404 397 391 385 380 371 365 363 366 367 368 371 366 368 372 373 376 377 378 386 399 413 418 422 417 416 405 407 392 380 368 358 350 343 336 328 319 317 317 317 320 328 331 334 335 337 339 341 339 334 329 334 341 345 347 351 354 356 356
369 361 353 350 344 343 352 367 382 398 403 397 387 387 387 383 385 381 383 388 384 384 387 392 400 412 409 412 420 424 425 428 430 431 418 410 406 399 385 379 371 366 370 375 374 375 375 373 373 379 381 384 384 387 389 391 395 396 401 403 404 408 415 406 397 375 360 349 341 334 325 318 317 317 318 326 334 338 340 341 341 342 343 342 335 333 333 338 344 349 350 357 363 364
