Data/Bathymetry.asc
ncols        261
nrows        53
xllcorner    30.541600000000
yllcorner    -15.955700000000
dx           0.008322988506
dy           0.008300000000
NODATA_value -32768
[rows 0 to 41 of 53, columns 94 to 187 of 261]
728 777 776 675 699 858 842 844 812 743 668 627 625 652 660 705 760 761 708 710 654 627 786 796 814 631 664 645 680 611 492 425 507 725 561 597 536 538 542 543 521 542 559 555 553 544 529 500 478 465 467 457 462 479 501 486 464 461 461 446 432 421 405 398 418 526 486 483 473 500 507 494 482 481 481 463 457 466 465 443 429 415 417 412 416 439 446 420 406 407 407 392 371 366
687 727 692 614 729 744 734 825 818 813 692 631 623 642 701 716 773 765 749 703 626 649 610 650 746 713 668 617 555 525 474 436 432 561 539 491 486 494 502 503 508 537 545 559 559 530 516 502 496 518 453 447 470 482 484 468 455 441 443 465 438 421 404 383 395 429 415 438 449 497 520 502 481 465 462 470 444 450 456 452 435 421 400 395 402 428 423 411 396 390 393 379 367 350
559 705 654 581 699 674 683 725 656 642 695 640 588 589 647 658 712 727 655 635 610 648 626 583 620 640 612 581 579 588 476 446 404 434 507 517 466 465 474 486 504 520 530 558 562 554 536 530 513 487 471 441 450 471 484 496 475 447 428 459 429 417 403 382 392 396 402 442 476 480 494 489 484 466 450 449 440 433 439 437 439 426 442 399 404 431 425 416 415 424 403 394 367 349
522 574 531 647 662 654 665 792 764 664 584 538 518 528 559 596 721 806 725 626 551 577 616 566 546 580 587 549 573 576 535 471 411 401 430 449 458 461 474 492 501 513 525 543 551 536 524 528 508 491 464 434 434 451 465 493 492 453 437 419 414 403 407 401 386 368 385 419 472 469 465 461 472 479 453 443 431 422 431 425 423 438 450 429 394 422 442 435 447 478 463 449 424 393
456 476 502 625 670 649 657 811 853 790 686 619 533 477 526 631 795 1055 944 663 534 532 551 548 503 508 505 530 519 492 494 430 401 384 404 420 446 481 501 511 538 537 539 542 540 512 502 495 482 477 470 436 422 435 449 469 488 460 442 422 399 397 396 398 399 390 359 390 449 449 426 432 443 474 467 451 484 415 414 416 410 409 422 413 386 398 417 426 442 465 460 419 404 393
430 443 462 562 643 669 637 658 727 712 770 778 577 454 583 855 955 950 852 666 530 529 480 492 505 479 490 579 545 470 445 423 398 383 382 408 419 487 470 514 520 540 560 544 519 500 483 467 465 454 449 448 418 426 469 476 461 462 431 408 390 386 382 378 396 399 363 358 388 403 435 463 461 470 469 455 434 413 398 392 398 395 404 398 379 354 379 396 399 420 434 405 392 377
415 409 424 466 597 704 552 535 556 605 633 674 584 464 645 773 679 650 609 542 481 514 486 458 493 508 467 494 472 463 429 450 402 383 386 402 415 449 465 479 496 515 529 515 529 536 499 468 456 449 431 436 415 405 431 449 451 475 458 421 417 411 375 357 366 371 360 346 408 453 484 516 523 477 480 441 415 416 398 383 379 376 379 374 374 368 346 361 368 380 403 392 372 356
369 386 398 408 483 455 423 401 398 391 391 410 419 399 482 460 488 485 483 504 513 465 469 437 466 454 474 447 465 458 421 423 428 422 379 400 425 457 478 495 514 507 482 463 467 540 499 462 442 426 415 408 414 394 406 424 438 438 452 424 416 511 465 358 342 349 352 338 392 477 478 482 500 499 454 430 410 396 383 380 364 359 359 359 359 355 353 333 346 340 347 371 349 333
482 400 378 377 389 378 378 375 366 365 361 373 377 377 429 408 405 422 437 434 443 441 418 401 396 392 394 389 382 373 372 368 428 429 384 408 430 461 509 545 540 517 479 453 444 476 454 455 436 424 419 394 402 397 389 411 413 416 417 413 408 472 508 385 338 327 333 336 365 383 405 431 472 454 441 427 417 398 393 370 351 343 343 338 337 337 332 322 321 319 317 330 327 319
369 371 364 359 354 354 358 356 352 347 350 357 362 364 374 384 368 376 409 407 416 416 381 371 352 357 362 359 358 352 352 350 370 468 383 391 447 508 537 585 550 584 527 437 422 441 438 450 437 442 450 406 392 386 378 399 391 400 390 397 387 401 376 389 349 318 318 329 355 364 378 401 420 464 433 414 404 393 385 382 356 340 330 322 319 321 318 317 317 317 317 317 317 317
325 340 345 343 339 332 340 340 336 337 347 349 349 360 356 357 351 355 359 362 376 374 360 350 342 343 350 350 344 340 337 336 341 392 408 393 457 535 565 527 527 550 510 439 408 408 421 440 449 425 410 403 387 361 362 386 377 386 379 369 368 373 372 354 350 330 317 317 319 329 344 375 396 480 470 409 394 379 367 384 406 387 342 319 321 330 324 324 317 317 317 317 317 317
320 336 335 329 327 327 323 324 322 328 338 341 334 349 350 345 340 342 345 346 359 357 349 337 331 335 338 336 331 323 323 323 326 347 374 383 386 396 415 423 443 500 512 466 402 394 416 473 581 514 528 437 373 348 343 358 360 362 358 344 346 350 365 341 336 345 334 318 317 317 319 335 458 487 511 449 374 367 366 374 399 374 362 336 318 341 360 376 341 321 320 317 317 317
317 327 324 321 323 323 317 317 317 319 328 337 321 337 340 337 330 334 334 330 349 347 335 324 319 321 321 322 320 317 317 318 320 330 346 374 347 343 344 358 360 365 430 452 401 385 394 474 488 458 557 472 362 341 329 334 338 347 352 330 327 352 332 318 317 317 319 320 319 317 317 317 394 486 577 469 360 343 357 338 349 359 342 330 318 323 337 362 353 344 366 375 329 317
317 320 319 317 318 317 317 317 317 318 322 322 317 321 326 326 323 329 324 319 325 331 322 317 317 317 317 317 317 317 317 318 323 332 328 330 320 336 332 335 339 334 340 332 339 362 408 477 419 363 367 365 334 324 317 320 318 320 322 324 317 336 319 317 317 317 317 317 317 317 317 317 319 346 446 474 388 328 357 342 321 327 320 317 317 317 319 325 323 324 340 353 348 317
318 316 317 317 317 317 317 317 317 317 319 317 317 317 319 317 317 317 317 317 317 318 317 317 317 317 317 317 317 317 317 317 320 323 319 317 318 329 335 324 322 319 317 317 321 323 322 317 317 317 317 317 317 317 317 317 317 317 317 317 317 317 317 317 317 317 317 317 317 317 317 317 317 317 317 320 323 319 333 344 320 317 317 317 317 317 317 317 317 317 317 317 323 317
323 317 318 317 317 317 317 317 317 317 317 317 317 317 317 317 317 317 317 317 317 317 317 317 317 317 317 317 317 317 317 317 318 322 317 322 319 334 333 326 319 317 317 317 317 317 317 317 317 317 317 317 317 317 317 317 317 317 317 317 317 317 317 317 317 317 317 317 317 317 317 317 317 317 317 317 317 317 317 317 317 317 317 317 317 317 317 317 317 317 317 317 317 317
317 317 321 317 317 317 317 317 317 317 317 317 317 317 317 318 318 317 317 317 317 317 317 317 317 317 317 317 317 317 317 317 318 318 317 323 326 331 326 322 317 317 317 317 317 317 317 317 317 317 317 317 317 317 317 317 317 317 317 317 317 317 317 317 317 317 317 317 317 317 317 317 317 317 317 317 317 317 317 317 317 317 317 317 317 317 317 317 317 317 317 317 317 317
317 317 317 317 317 317 317 317 317 317 317 317 317 317 317 317 318 318 317 317 317 317 317 317 317 317 317 317 317 317 318 317 317 317 317 320 323 321 317 318 317 317 317 317 317 317 317 317 317 317 317 317 317 317 317 317 317 317 317 317 317 317 317 317 317 317 317 317 317 317 317 317 317 317 317 317 317 317 317 317 317 317 317 317 317 317 317 317 317 317 317 317 317 317
318 318 317 317 319 321 317 317 317 317 317 317 317 317 317 317 318 317 317 317 317 319 317 317 317 317 317 317 317 317 317 317 317 317 317 317 317 317 317 317 317 317 317 317 317 317 317 317 317 317 317 317 317 317 317 317 317 317 317 317 317 317 317 317 317 317 317 317 317 317 317 317 317 317 317 317 317 317 317 317 317 317 317 317 317 317 317 317 317 317 317 317 317 317
341 324 317 317 317 324 324 317 317 317 317 317 317 317 317 317 317 317 317 317 317 317 320 317 320 318 317 317 317 317 317 317 317 317 317 317 317 317 317 317 317 317 317 317 317 317 317 317 317 317 317 317 317 317 317 317 317 317 317 317 317 317 317 317 317 317 317 317 317 317 317 317 317 317 317 317 317 317 317 317 317 317 317 317 317 317 317 317 317 317 317 317 317 317
365 326 317 317 317 317 324 324 317 317 317 317 317 317 317 317 317 317 317 317 317 317 320 318 325 331 321 317 319 319 317 317 317 317 317 317 317 317 317 317 317 317 317 317 317 317 317 317 317 317 317 317 317 317 317 317 317 317 317 317 317 317 317 317 317 317 317 317 317 317 317 317 317 317 317 317 317 317 317 317 317 317 317 317 317 317 317 317 317 317 317 317 317 317
348 347 319 317 317 317 317 328 320 317 317 317 317 318 317 317 317 318 317 317 317 321 330 327 317 317 317 318 335 351 331 321 317 317 317 317 317 317 317 317 317 317 317 317 317 317 317 317 317 317 317 317 317 317 317 317 317 317 317 317 317 317 318 317 317 317 317 317 317 317 317 317 317 317 317 317 317 317 317 317 317 317 317 317 317 317 317 317 317 317 317 317 317 317
324 350 337 317 317 317 317 317 321 317 317 321 322 325 326 327 320 325 317 317 317 320 337 336 322 317 317 319 342 368 363 369 325 317 317 317 317 317 317 317 317 317 317 317 317 317 317 317 317 317 317 317 317 317 317 317 317 317 317 317 317 318 323 320 317 317 317 318 317 317 317 317 317 317 317 317 317 317 317 317 317 317 317 317 317 317 317 317 317 317 317 317 317 317
330 338 330 318 317 317 318 318 318 318 322 328 335 341 340 341 334 324 326 318 317 322 338 343 330 317 316 317 337 366 381 382 343 317 317 317 317 317 317 317 317 317 317 317 317 317 317 317 317 317 317 317 317 317 317 317 316 317 317 318 318 318 326 320 317 321 319 319 318 317 317 317 317 317 317 317 317 317 317 317 317 317 317 317 317 317 317 317 317 317 317 317 317 317
317 328 339 331 324 317 317 323 321 322 325 336 343 348 354 349 340 333 328 326 323 324 339 350 338 325 319 319 333 368 393 402 368 320 317 317 317 317 317 317 317 317 317 317 317 317 317 317 317 317 317 317 317 317 317 316 317 319 320 321 327 322 325 320 321 326 329 327 320 321 318 317 317 317 317 317 317 317 317 317 317 317 317 317 317 317 317 317 317 317 317 317 317 317
317 317 325 341 338 327 322 323 329 328 330 337 348 354 356 349 343 342 335 333 333 328 336 348 345 333 325 329 329 363 383 379 382 343 317 317 317 317 317 317 317 317 317 317 317 317 317 317 317 317 317 317 317 319 319 318 320 320 326 324 336 333 330 331 334 334 338 333 334 332 320 318 316 318 319 317 317 317 317 317 317 317 317 317 317 317 317 317 317 317 317 317 317 317
320 320 318 326 344 339 330 329 330 335 336 337 348 356 361 356 353 350 340 341 344 337 336 347 345 338 336 337 337 340 348 348 369 355 343 325 361 393 339 323 330 332 332 325 318 317 316 316 316 317 316 317 321 329 332 327 328 327 336 329 338 339 332 339 345 343 346 343 343 336 321 316 317 321 322 318 318 317 317 317 317 317 317 317 317 317 317 317 317 317 317 317 317 316
321 328 323 324 333 343 337 335 333 338 341 342 344 350 357 362 354 348 345 347 350 342 341 346 351 346 350 349 349 341 328 318 328 360 381 380 402 421 434 423 375 360 358 336 331 324 320 319 318 319 319 321 327 336 341 339 338 338 339 337 339 344 336 346 351 353 350 350 347 336 323 320 319 329 326 321 318 317 317 317 317 317 316 316 316 316 317 317 316 317 317 317 317 317
323 333 329 330 333 337 344 343 336 343 346 347 347 350 357 363 361 355 352 352 353 349 347 349 357 359 356 362 358 345 330 322 318 318 333 373 417 430 441 455 444 435 437 399 385 345 337 334 334 330 337 340 342 342 349 349 346 346 342 341 342 345 342 349 359 362 357 356 344 334 323 325 325 334 328 320 318 317 317 317 316 316 316 320 319 319 318 318 316 317 317 317 317 320
325 333 335 336 338 339 341 343 341 346 349 353 351 355 356 364 366 362 360 358 358 354 356 354 362 366 369 372 360 344 336 330 321 317 321 332 353 392 426 449 460 467 427 472 504 460 467 389 376 368 365 395 484 443 374 360 356 354 350 349 350 351 348 351 353 367 366 355 346 337 330 336 338 332 321 319 318 318 318 318 319 319 320 325 326 326 322 323 318 317 318 321 321 326
328 335 340 339 342 344 343 345 345 348 351 356 359 358 363 366 368 369 370 365 364 360 364 360 361 371 379 368 356 352 346 335 324 318 321 333 341 354 386 409 430 452 448 445 495 542 551 582 561 561 517 436 398 402 416 383 370 364 359 359 361 359 357 358 358 361 366 363 350 343 338 345 341 334 328 320 321 322 321 327 328 329 331 333 335 335 332 329 322 321 322 324 326 329
334 339 343 345 343 348 351 351 351 351 355 358 362 364 364 370 372 376 374 373 369 365 369 366 364 373 381 372 363 355 346 336 328 323 324 332 341 351 364 380 405 433 443 440 458 496 545 559 544 575 568 510 454 401 515 490 387 373 374 372 373 371 366 367 365 362 371 367 351 346 342 345 344 342 342 335 326 333 326 331 334 338 340 338 340 341 338 332 326 331 329 325 333 329
338 342 348 353 352 349 352 355 358 358 359 361 364 368 371 374 378 379 382 379 372 373 373 373 369 374 377 369 357 347 341 338 333 329 329 333 340 350 357 366 377 395 410 419 434 447 467 504 523 562 573 558 533 552 542 481 432 411 390 392 394 385 379 377 371 366 375 365 355 353 352 354 353 349 345 339 333 336 336 338 341 343 346 345 347 347 342 340 334 338 334 332 336 333
342 342 345 355 361 359 354 358 362 365 366 366 369 373 375 379 383 385 390 382 381 378 379 379 379 376 370 362 355 351 348 344 341 336 334 336 339 345 354 362 370 382 398 406 417 429 443 455 480 502 511 520 542 545 566 527 504 518 452 416 404 401 390 382 379 373 376 370 368 374 382 382 366 358 356 349 340 339 342 341 348 350 351 353 355 353 348 344 340 343 339 337 340 333
348 346 348 349 353 360 361 358 364 371 377 374 371 375 379 382 385 389 391 389 387 385 386 387 384 376 369 363 360 357 354 351 347 341 338 339 343 345 351 359 368 376 388 393 402 417 430 442 450 452 455 474 499 513 525 533 533 536 496 466 443 449 435 402 413 426 386 393 405 404 383 391 385 377 384 363 354 343 347 346 349 355 355 360 360 356 353 348 345 347 344 343 341 337
361 359 352 353 352 358 363 361 363 368 376 382 378 379 382 385 389 396 395 402 397 395 393 392 389 382 376 370 366 363 362 356 351 346 342 343 347 349 354 358 364 372 380 387 399 408 415 422 430 433 442 456 471 490 487 498 511 539 549 522 483 481 505 484 454 513 435 433 465 458 492 437 399 386 371 361 376 357 362 358 357 359 361 365 364 360 358 353 349 349 347 347 346 341
360 360 356 355 354 359 363 365 364 367 372 378 383 386 390 390 390 396 402 404 407 405 403 400 394 386 380 375 372 370 366 361 356 350 345 346 353 354 358 360 364 369 374 380 388 393 401 409 416 422 433 440 447 463 469 477 477 486 507 533 525 506 520 528 497 521 533 446 502 550 593 519 439 465 385 371 359 354 357 363 364 369 368 372 369 366 364 355 352 353 352 352 349 349
362 363 360 357 357 360 364 365 365 370 372 375 383 389 396 396 397 400 402 408 409 414 412 405 398 392 386 383 379 376 371 366 361 355 349 351 356 361 363 367 368 372 376 382 384 389 395 401 407 415 421 426 432 443 454 462 461 468 465 461 457 459 476 502 520 481 454 417 434 485 533 526 516 542 478 391 371 366 362 366 372 374 375 376 374 370 363 359 359 358 357 357 355 353
365 370 364 361 360 361 364 367 367 369 373 377 382 387 389 399 403 408 409 409 413 417 422 415 408 400 394 391 388 384 377 373 366 359 354 355 359 364 367 374 374 377 381 385 388 392 398 403 405 411 417 421 429 434 439 446 453 459 455 451 447 442 446 443 436 423 406 395 398 417 439 460 479 494 517 509 467 385 376 377 380 381 380 381 376 369 368 365 363 363 362 362 360 358
360 372 366 366 362 365 365 368 370 371 375 377 383 390 391 393 403 409 414 418 418 422 430 424 416 408 404 400 396 389 383 376 370 364 359 359 363 368 372 378 382 384 387 390 393 398 400 407 412 416 423 427 432 439 442 450 451 457 449 442 438 433 428 425 417 408 401 400 401 411 427 440 447 451 470 482 494 453 447 435 392 387 386 383 377 372 368 369 365 367 369 366 363 361
358 360 363 368 366 368 369 370 374 374 378 382 386 395 396 398 401 412 416 422 422 428 436 434 424 418 413 409 404 394 387 381 374 366 363 362 367 373 377 382 386 391 391 395 399 402 407 410 417 422 425 432 436 443 447 457 455 457 447 441 433 428 423 417 413 409 408 408 406 409 414 422 431 438 443 440 430 420 418 413 396 391 387 384 384 376 374 374 373 372 373 370 368 363
363 363 365 369 372 371 374 373 377 378 381 385 388 395 401 402 406 413 421 424 427 432 440 447 435 427 423 418 409 400 392 385 379 371 367 367 372 376 383 387 391 396 401 401 406 408 411 416 423 428 433 436 440 448 452 459 459 459 449 443 438 433 427 420 419 417 413 414 414 416 416 420 425 431 432 426 417 411 406 401 397 393 391 390 386 384 384 383 379 377 377 376 369 366
